0.456300
0.470200
0.486200
0.499900
0.514500
0.529800
0.544800
0.559500
0.574500
0.589300
0.604000
0.618700
0.633400
0.647700
0.662200
0.676900
0.691500
0.705900
0.720200
0.734700
0.748900
0.763200
0.777300
0.791600
0.806000
0.820100
0.834600
0.848500
0.862700
0.876200
0.889700
0.893200
0.907500
0.923100
0.938800
0.954400
0.969900
0.985300
1.000900
1.016000
1.031000
1.046300
1.061300
1.075900
1.090600
1.105400
1.120100
1.134400
1.148900
1.163500
1.177800
1.192000
1.206200
1.220300
1.234300
1.248300
1.262500
1.276400
1.289900
1.303500
1.317600
1.331300
1.389900
1.404900
1.419600
1.433900
1.448200
1.462600
1.477200
1.491100
1.504800
1.518700
1.532500
1.546000
1.559500
1.573000
1.586100
1.599300
1.612400
1.625700
1.638600
1.651300
1.664000
1.676800
1.689200
1.701700
1.714400
1.726700
1.738900
1.751100
1.763300
1.775400
1.787300
1.799200
1.951200
1.970100
1.989300
2.009100
2.027900
2.047100
2.066100
2.084800
2.103200
2.121800
2.139900
2.158000
2.175600
2.192300
2.211400
2.229800
2.246500
2.264100
2.281600
2.298000
2.315300
2.332300
2.349400
2.366000
2.382800
2.398900
2.415400
2.431700
2.447700
2.463500
2.479400