    456.300    15.000
    470.200    15.000
    486.200    15.200
    499.900    14.900
    514.500    14.900
    529.800    16.400
    544.800    15.600
    559.500    16.500
    574.500    15.400
    589.300    15.700
    604.000    15.700
    618.700    16.000
    633.400    15.600
    647.700    15.900
    662.200    15.800
    676.900    16.600
    691.500    15.800
    705.900    16.200
    720.200    16.200
    734.700    16.600
    748.900    16.400
    763.200    15.700
    777.300    16.700
    791.600    16.400
    806.000    16.700
    820.100    16.900
    834.600    17.700
    848.500    17.400
    862.700    16.800
    876.200    16.800
    889.700    16.300
    893.200    17.000
    907.500    17.500
    923.100    16.400
    938.800    17.000
    954.400    17.000
    969.900    16.200
    985.300    17.300
    1000.900    16.600
    1016.000    16.400
    1031.000    16.200
    1046.300    16.800
    1061.300    16.100
    1075.900    15.700
    1090.600    15.900
    1105.400    16.000
    1120.100    16.500
    1134.400    15.800
    1148.900    16.500
    1163.500    15.300
    1177.800    15.300
    1192.000    15.800
    1206.200    16.300
    1220.300    16.400
    1234.300    16.100
    1248.300    15.800
    1262.500    15.200
    1276.400    16.300
    1289.900    15.300
    1303.500    15.300
    1317.600    16.100
    1331.300    15.200
    1389.900    13.800
    1404.900    15.700
    1419.600    16.400
    1433.900    15.800
    1448.200    14.600
    1462.600    15.200
    1477.200    15.500
    1491.100    15.100
    1504.800    15.500
    1518.700    15.800
    1532.500    15.800
    1546.000    15.400
    1559.500    15.300
    1573.000    15.700
    1586.100    15.400
    1599.300    15.300
    1612.400    15.800
    1625.700    15.600
    1638.600    15.600
    1651.300    15.200
    1664.000    15.500
    1676.800    15.400
    1689.200    15.400
    1701.700    14.800
    1714.400    15.600
    1726.700    15.000
    1738.900    15.300
    1751.100    14.900
    1763.300    14.700
    1775.400    14.900
    1787.300    14.700
    1799.200    14.000
    1951.200    21.300
    1970.100    21.000
    1989.300    21.400
    2009.100    21.600
    2027.900    20.700
    2047.100    20.600
    2066.100    20.700
    2084.800    20.500
    2103.200    20.500
    2121.800    20.700
    2139.900    20.200
    2158.000    20.200
    2175.600    19.700
    2192.300    19.200
    2211.400    21.900
    2229.800    19.000
    2246.500    19.500
    2264.100    18.900
    2281.600    18.400
    2298.000    19.600
    2315.300    18.800
    2332.300    19.400
    2349.400    18.700
    2366.000    18.200
    2382.800    18.500
    2398.900    18.000
    2415.400    18.900
    2431.700    18.200
    2447.700    18.900
    2463.500    17.900
    2479.400    17.900
