15.000
15.000
15.200
14.900
14.900
16.400
15.600
16.500
15.400
15.700
15.700
16.000
15.600
15.900
15.800
16.600
15.800
16.200
16.200
16.600
16.400
15.700
16.700
16.400
16.700
16.900
17.700
17.400
16.800
16.800
16.300
17.000
17.500
16.400
17.000
17.000
16.200
17.300
16.600
16.400
16.200
16.800
16.100
15.700
15.900
16.000
16.500
15.800
16.500
15.300
15.300
15.800
16.300
16.400
16.100
15.800
15.200
16.300
15.300
15.300
16.100
15.200
13.800
15.700
16.400
15.800
14.600
15.200
15.500
15.100
15.500
15.800
15.800
15.400
15.300
15.700
15.400
15.300
15.800
15.600
15.600
15.200
15.500
15.400
15.400
14.800
15.600
15.000
15.300
14.900
14.700
14.900
14.700
14.000
21.300
21.000
21.400
21.600
20.700
20.600
20.700
20.500
20.500
20.700
20.200
20.200
19.700
19.200
21.900
19.000
19.500
18.900
18.400
19.600
18.800
19.400
18.700
18.200
18.500
18.000
18.900
18.200
18.900
17.900
17.900