    0.456300    0.015000
    0.470200    0.015000
    0.486200    0.015200
    0.499900    0.014900
    0.514500    0.014900
    0.529800    0.016400
    0.544800    0.015600
    0.559500    0.016500
    0.574500    0.015400
    0.589300    0.015700
    0.604000    0.015700
    0.618700    0.016000
    0.633400    0.015600
    0.647700    0.015900
    0.662200    0.015800
    0.676900    0.016600
    0.691500    0.015800
    0.705900    0.016200
    0.720200    0.016200
    0.734700    0.016600
    0.748900    0.016400
    0.763200    0.015700
    0.777300    0.016700
    0.791600    0.016400
    0.806000    0.016700
    0.820100    0.016900
    0.834600    0.017700
    0.848500    0.017400
    0.862700    0.016800
    0.876200    0.016800
    0.889700    0.016300
    0.893200    0.017000
    0.907500    0.017500
    0.923100    0.016400
    0.938800    0.017000
    0.954400    0.017000
    0.969900    0.016200
    0.985300    0.017300
    1.000900    0.016600
    1.016000    0.016400
    1.031000    0.016200
    1.046300    0.016800
    1.061300    0.016100
    1.075900    0.015700
    1.090600    0.015900
    1.105400    0.016000
    1.120100    0.016500
    1.134400    0.015800
    1.148900    0.016500
    1.163500    0.015300
    1.177800    0.015300
    1.192000    0.015800
    1.206200    0.016300
    1.220300    0.016400
    1.234300    0.016100
    1.248300    0.015800
    1.262500    0.015200
    1.276400    0.016300
    1.289900    0.015300
    1.303500    0.015300
    1.317600    0.016100
    1.331300    0.015200
    1.389900    0.013800
    1.404900    0.015700
    1.419600    0.016400
    1.433900    0.015800
    1.448200    0.014600
    1.462600    0.015200
    1.477200    0.015500
    1.491100    0.015100
    1.504800    0.015500
    1.518700    0.015800
    1.532500    0.015800
    1.546000    0.015400
    1.559500    0.015300
    1.573000    0.015700
    1.586100    0.015400
    1.599300    0.015300
    1.612400    0.015800
    1.625700    0.015600
    1.638600    0.015600
    1.651300    0.015200
    1.664000    0.015500
    1.676800    0.015400
    1.689200    0.015400
    1.701700    0.014800
    1.714400    0.015600
    1.726700    0.015000
    1.738900    0.015300
    1.751100    0.014900
    1.763300    0.014700
    1.775400    0.014900
    1.787300    0.014700
    1.799200    0.014000
    1.951200    0.021300
    1.970100    0.021000
    1.989300    0.021400
    2.009100    0.021600
    2.027900    0.020700
    2.047100    0.020600
    2.066100    0.020700
    2.084800    0.020500
    2.103200    0.020500
    2.121800    0.020700
    2.139900    0.020200
    2.158000    0.020200
    2.175600    0.019700
    2.192300    0.019200
    2.211400    0.021900
    2.229800    0.019000
    2.246500    0.019500
    2.264100    0.018900
    2.281600    0.018400
    2.298000    0.019600
    2.315300    0.018800
    2.332300    0.019400
    2.349400    0.018700
    2.366000    0.018200
    2.382800    0.018500
    2.398900    0.018000
    2.415400    0.018900
    2.431700    0.018200
    2.447700    0.018900
    2.463500    0.017900
    2.479400    0.017900
