456.300
470.200
486.200
499.900
514.500
529.800
544.800
559.500
574.500
589.300
604.000
618.700
633.400
647.700
662.200
676.900
691.500
705.900
720.200
734.700
748.900
763.200
777.300
791.600
806.000
820.100
834.600
848.500
862.700
876.200
889.700
893.200
907.500
923.100
938.800
954.400
969.900
985.300
1000.900
1016.000
1031.000
1046.300
1061.300
1075.900
1090.600
1105.400
1120.100
1134.400
1148.900
1163.500
1177.800
1192.000
1206.200
1220.300
1234.300
1248.300
1262.500
1276.400
1289.900
1303.500
1317.600
1331.300
1389.900
1404.900
1419.600
1433.900
1448.200
1462.600
1477.200
1491.100
1504.800
1518.700
1532.500
1546.000
1559.500
1573.000
1586.100
1599.300
1612.400
1625.700
1638.600
1651.300
1664.000
1676.800
1689.200
1701.700
1714.400
1726.700
1738.900
1751.100
1763.300
1775.400
1787.300
1799.200
1951.200
1970.100
1989.300
2009.100
2027.900
2047.100
2066.100
2084.800
2103.200
2121.800
2139.900
2158.000
2175.600
2192.300
2211.400
2229.800
2246.500
2264.100
2281.600
2298.000
2315.300
2332.300
2349.400
2366.000
2382.800
2398.900
2415.400
2431.700
2447.700
2463.500
2479.400