0.015000
0.015000
0.015200
0.014900
0.014900
0.016400
0.015600
0.016500
0.015400
0.015700
0.015700
0.016000
0.015600
0.015900
0.015800
0.016600
0.015800
0.016200
0.016200
0.016600
0.016400
0.015700
0.016700
0.016400
0.016700
0.016900
0.017700
0.017400
0.016800
0.016800
0.016300
0.017000
0.017500
0.016400
0.017000
0.017000
0.016200
0.017300
0.016600
0.016400
0.016200
0.016800
0.016100
0.015700
0.015900
0.016000
0.016500
0.015800
0.016500
0.015300
0.015300
0.015800
0.016300
0.016400
0.016100
0.015800
0.015200
0.016300
0.015300
0.015300
0.016100
0.015200
0.013800
0.015700
0.016400
0.015800
0.014600
0.015200
0.015500
0.015100
0.015500
0.015800
0.015800
0.015400
0.015300
0.015700
0.015400
0.015300
0.015800
0.015600
0.015600
0.015200
0.015500
0.015400
0.015400
0.014800
0.015600
0.015000
0.015300
0.014900
0.014700
0.014900
0.014700
0.014000
0.021300
0.021000
0.021400
0.021600
0.020700
0.020600
0.020700
0.020500
0.020500
0.020700
0.020200
0.020200
0.019700
0.019200
0.021900
0.019000
0.019500
0.018900
0.018400
0.019600
0.018800
0.019400
0.018700
0.018200
0.018500
0.018000
0.018900
0.018200
0.018900
0.017900
0.017900